Scale .05 .05 .05

Vertex 54.111641 -0.007899 37.141083
Vertex 55.552414 -5.571973 41.828125
Vertex 53.201775 -9.007742 47.965961
Vertex 47.957581 -9.002861 53.210155
Vertex 41.822945 -5.559192 55.557594
Vertex 37.141083 0.007900 54.111641
Vertex 35.700310 5.571973 49.424599
Vertex 38.050949 9.007742 43.286762
Vertex 43.295143 9.002861 38.042568
Vertex 49.429787 5.559189 35.695126
Vertex 54.111645 -0.007905 37.141087
Vertex 57.377384 1.893198 40.181728
Vertex 58.721027 -2.630860 45.902798
Vertex 56.339203 -4.677984 52.621380
Vertex 51.141693 -3.466241 57.771194
Vertex 45.113766 0.541521 59.385204
Vertex 40.557880 5.814476 56.846897
Vertex 39.214237 10.338531 51.125828
Vertex 41.596062 12.385656 44.407253
Vertex 46.793575 11.173914 39.257427
Vertex 52.821507 7.166149 37.643421
Vertex 57.377388 1.893192 40.181732
Vertex 60.649940 4.634549 42.550278
Vertex 62.244057 1.540482 49.099220
Vertex 60.089123 1.029820 56.177258
Vertex 55.008244 3.297619 61.080811
Vertex 48.942146 7.477655 61.936905
Vertex 44.207878 11.973299 58.418526
Vertex 42.613758 15.067366 51.869583
Vertex 44.768696 15.578028 44.791550
Vertex 49.849575 13.310228 39.887993
Vertex 55.915672 9.130189 39.031902
Vertex 60.649944 4.634545 42.550282
Vertex 63.897652 8.411030 43.810143
Vertex 66.063332 7.054194 50.772320
Vertex 64.347534 8.129171 57.906998
Vertex 59.405640 11.225356 62.488960
Vertex 53.125282 15.160112 62.768063
Vertex 47.905342 18.430494 58.637695
Vertex 45.739662 19.787331 51.675514
Vertex 47.455460 18.712355 44.540844
Vertex 52.397354 15.616168 39.958874
Vertex 58.677719 11.681410 39.679775
Vertex 63.897655 8.411027 43.810150
Vertex 67.013306 13.259127 43.485497
Vertex 69.889977 13.761370 50.302799
Vertex 68.688660 16.356146 57.145832
Vertex 63.868214 20.052336 61.400784
Vertex 57.269890 23.438122 61.442410
Vertex 51.414028 25.220247 57.254807
Vertex 48.537361 24.718004 50.437504
Vertex 49.738682 22.123228 43.594471
Vertex 54.559124 18.427038 39.339520
Vertex 61.157452 15.041250 39.297897
Vertex 67.013313 13.259127 43.485504
Vertex 69.780396 19.083572 41.131256
Vertex 73.273727 21.314091 47.281422
Vertex 72.506371 25.231556 53.531841
Vertex 67.771431 29.339626 57.495068
Vertex 60.877487 32.069160 57.657288
Vertex 54.457798 32.377571 53.956535
Vertex 50.964462 30.147053 47.806366
Vertex 51.731815 26.229589 41.555950
Vertex 56.466763 22.121515 37.592724
Vertex 63.360710 19.391981 37.430504
Vertex 69.780396 19.083574 41.131260
Vertex 71.882248 25.678848 36.390289
Vertex 75.762146 29.321678 41.555485
Vertex 75.263153 34.278397 47.049580
Vertex 70.575836 38.655701 50.774014
Vertex 63.490612 40.781616 51.306183
Vertex 56.713791 39.844109 48.442818
Vertex 52.833885 36.201279 43.277622
Vertex 53.332890 31.244564 37.783527
Vertex 58.020199 26.867256 34.059093
Vertex 65.105431 24.741343 33.526924
Vertex 71.882256 25.678852 36.390293
Vertex 72.940086 32.715569 29.081810
Vertex 76.970291 37.419907 33.159763
Vertex 76.574661 43.135326 37.869396
Vertex 71.904312 47.678722 41.411781
Vertex 64.743164 49.314674 42.433849
Vertex 57.826515 47.418304 40.545212
Vertex 53.796307 42.713966 36.467255
Vertex 54.191940 36.998547 31.757629
Vertex 58.862289 32.455151 28.215244
Vertex 66.023445 30.819199 27.193171
Vertex 72.940094 32.715572 29.081814
Vertex 72.582466 39.738495 19.309162
Vertex 76.577667 45.214474 22.318327
Vertex 76.158607 51.464325 26.289080
Vertex 71.485344 56.100815 29.704725
Vertex 64.342896 57.352962 31.260607
Vertex 57.459450 54.742493 30.362427
Vertex 53.464245 49.266514 27.353260
Vertex 53.883308 43.016663 23.382511
Vertex 58.556580 38.380173 19.966862
Vertex 65.699020 37.128025 18.410984
Vertex 72.582474 39.738499 19.309164
Vertex 70.539803 46.201778 7.546478
Vertex 74.362160 52.236523 9.540112
Vertex 73.829559 58.858356 12.837196
Vertex 69.145432 63.537964 16.178352
Vertex 62.098961 64.487900 18.287374
Vertex 55.381653 61.345318 18.358688
Vertex 51.559296 55.310574 16.365053
Vertex 52.091900 48.688744 13.067971
Vertex 56.776028 44.009132 9.726813
Vertex 63.822498 43.059196 7.617790
Vertex 70.539810 46.201782 7.546479
Vertex 66.737747 51.558853 -5.366621
Vertex 70.274483 57.997166 -4.345455
Vertex 69.561394 64.875168 -1.664478
Vertex 64.870857 69.565704 1.652267
Vertex 57.994495 70.277145 4.337897
Vertex 51.558846 66.737755 5.366593
Vertex 48.022110 60.299446 4.345427
Vertex 48.735203 53.421440 1.664452
Vertex 53.425743 48.730900 -1.652295
Vertex 60.302105 48.019459 -4.337926
Vertex 66.737747 51.558857 -5.366621
Vertex 61.344971 55.381805 -18.359383
Vertex 64.483841 62.100925 -18.295835
Vertex 63.531734 69.148460 -16.191357
Vertex 58.852329 73.832497 -12.849787
Vertex 52.232994 74.363892 -9.547493
Vertex 46.202095 70.539658 -7.545836
Vertex 43.063225 63.820538 -7.609385
Vertex 44.015331 56.773003 -9.713863
Vertex 48.694736 52.088966 -13.055434
Vertex 55.314075 51.557579 -16.357729
Vertex 61.344975 55.381813 -18.359385
Vertex 54.741425 57.459595 -30.364071
Vertex 57.347069 64.343857 -31.269976
Vertex 56.092339 71.486755 -29.718250
Vertex 51.456493 76.159927 -26.301601
Vertex 45.210281 76.578400 -22.325071
Vertex 39.739532 72.582321 -19.307564
Vertex 37.133888 65.698059 -18.401659
Vertex 38.388622 58.555168 -19.953384
Vertex 43.024464 53.881989 -23.370033
Vertex 49.270683 53.463520 -27.346563
Vertex 54.741428 57.459602 -30.364073
Vertex 47.416412 57.826431 -40.547535
Vertex 49.306213 64.742706 -42.444069
Vertex 47.666920 71.903671 -41.425995
Vertex 43.124683 76.574066 -37.882187
Vertex 37.414490 76.969971 -33.166252
Vertex 32.717430 72.940155 -29.079523
Vertex 30.827629 66.023872 -27.182991
Vertex 32.466923 58.862915 -28.201065
Vertex 37.009159 54.192516 -31.744877
Vertex 42.719360 53.796616 -36.460812
Vertex 47.416416 57.826439 -40.547539
Vertex 39.841763 56.713448 -48.445137
Vertex 40.770145 63.488228 -51.316299
Vertex 38.639481 70.572319 -50.788063
Vertex 34.263611 75.259834 -47.062202
Vertex 29.313969 75.760307 -41.561867
Vertex 25.681149 71.882576 -36.388000
Vertex 24.752766 65.107796 -33.516842
Vertex 26.883430 58.023708 -34.045074
Vertex 31.259304 53.336185 -37.770935
Vertex 36.208946 52.835712 -43.271275
Vertex 39.841766 56.713455 -48.445141
Vertex 32.373550 54.457001 -53.959743
Vertex 32.053993 60.872849 -57.666206
Vertex 29.319096 67.764717 -57.506294
Vertex 25.213497 72.500145 -53.541092
Vertex 21.305393 73.270370 -47.285164
Vertex 19.087551 69.781174 -41.128071
Vertex 19.407108 63.365326 -37.421604
Vertex 22.142004 56.473461 -37.581516
Vertex 26.247606 51.738026 -41.546726
Vertex 30.155708 50.967808 -47.802650
Vertex 32.373550 54.457001 -53.959747
Vertex 25.214230 51.412754 -57.258591
Vertex 23.420164 57.263603 -61.448101
Vertex 20.029291 63.859318 -61.406208
Vertex 16.336809 68.680534 -57.148922
Vertex 13.753119 69.885735 -50.302380
Vertex 13.265103 67.014565 -43.481728
Vertex 15.059168 61.163708 -39.292221
Vertex 18.450039 54.568005 -39.334110
Vertex 22.142525 49.746777 -43.591396
Vertex 24.726215 48.541580 -50.437943
Vertex 25.214230 51.412758 -57.258598
Vertex 18.420498 47.903427 -58.642380
Vertex 15.139085 53.118874 -62.769672
Vertex 11.201323 59.397182 -62.486881
Vertex 8.111303 64.340256 -57.902016
Vertex 7.049308 66.059998 -50.766350
Vertex 8.420984 63.899536 -43.805458
Vertex 11.702398 58.684090 -39.678165
Vertex 15.640159 52.405781 -39.960960
Vertex 18.730179 47.462711 -44.545822
Vertex 19.792173 45.742962 -51.681492
Vertex 18.420494 47.903431 -58.642387
Vertex 11.961500 44.206177 -58.422211
Vertex 7.457919 48.937710 -61.934113
Vertex 3.277474 55.002758 -61.072609
Vertex 1.016955 60.084679 -56.166771
Vertex 1.539802 62.242348 -49.090462
Vertex 4.646306 60.651611 -42.546585
Vertex 9.149887 55.920074 -39.034683
Vertex 13.330330 49.855034 -39.896187
Vertex 15.590851 44.773109 -44.802025
Vertex 15.068003 42.615440 -51.878342
Vertex 11.961496 44.206177 -58.422215
Vertex 5.799814 40.556740 -56.849186
Vertex 0.522403 45.112278 -59.378834
Vertex -3.482521 51.140427 -57.758598
Vertex -4.685214 56.338631 -52.607357
Vertex -2.626286 58.721363 -45.892712
Vertex 1.907820 57.378494 -40.179417
Vertex 7.185231 52.822952 -37.649769
Vertex 11.190154 46.794815 -39.270000
Vertex 12.392846 41.596603 -44.421246
Vertex 10.333918 39.213875 -51.135899
Vertex 5.799809 40.556747 -56.849190
Vertex -0.007926 37.141068 -54.111626
Vertex -5.575821 41.824638 -55.548920
Vertex -9.013948 47.960331 -53.196129
Vertex -9.009062 53.204525 -47.951935
Vertex -5.563025 55.554108 -41.819447
Vertex 0.007891 54.111626 -37.141068
Vertex 5.575786 49.428055 -35.703773
Vertex 9.013912 43.292362 -38.056564
Vertex 9.009026 38.048168 -43.300758
Vertex 5.562986 35.698582 -49.433250
Vertex -0.007933 37.141071 -54.111629
Vertex -5.302976 34.056335 -50.405499
Vertex -10.766335 39.051121 -50.860424
Vertex -13.393914 45.350304 -47.958828
Vertex -12.182071 50.547806 -42.809025
Vertex -7.593685 52.658367 -37.378063
Vertex -1.381366 50.875816 -33.740383
Vertex 4.081993 45.881027 -33.285458
Vertex 6.709572 39.581852 -36.187054
Vertex 5.497727 34.384342 -41.336857
Vertex 0.909340 32.273788 -46.767822
Vertex -5.302982 34.056343 -50.405502
Vertex -9.928846 31.293442 -45.982613
Vertex -15.054425 36.645683 -45.690929
Vertex -16.820248 43.093651 -42.480213
Vertex -14.551833 48.174438 -37.576847
Vertex -9.115637 49.947365 -32.853756
Vertex -2.588101 47.735222 -30.114990
Vertex 2.537476 42.382977 -30.406673
Vertex 4.303300 35.935013 -33.617390
Vertex 2.034884 30.854223 -38.520756
Vertex -3.401316 29.081303 -43.243851
Vertex -9.928854 31.293446 -45.982613
Vertex -13.839304 28.780409 -41.112846
Vertex -18.556000 34.450008 -40.330818
Vertex -19.557415 41.008247 -37.015743
Vertex -16.461048 45.950111 -32.433865
Vertex -10.449604 47.387966 -28.335302
Vertex -3.819249 44.772606 -26.285570
Vertex 0.897445 39.103008 -27.067595
Vertex 1.898862 32.544769 -30.382669
Vertex -1.197507 27.602905 -34.964550
Vertex -7.208955 26.165051 -39.063114
Vertex -13.839312 28.780413 -41.112846
Vertex -17.107386 26.444473 -36.014236
Vertex -21.448788 32.363071 -34.953308
Vertex -21.847462 39.000141 -31.667971
Vertex -18.151127 43.820553 -27.413109
Vertex -11.771658 44.983070 -23.813936
Vertex -5.145797 42.043655 -22.245214
Vertex -0.804396 36.125061 -23.306141
Vertex -0.405721 29.487989 -26.591476
Vertex -4.102057 24.667574 -30.846340
Vertex -10.481528 23.505056 -34.445515
Vertex -17.107391 26.444477 -36.014236
Vertex -19.860580 24.238867 -30.827862
Vertex -23.904640 30.340563 -29.637083
Vertex -23.865047 37.037971 -26.451757
Vertex -19.756924 41.772900 -22.488573
Vertex -13.149429 42.736774 -19.261328
Vertex -6.566407 39.561428 -18.002724
Vertex -2.522347 33.459728 -19.193504
Vertex -2.561941 26.762323 -22.378826
Vertex -6.670067 22.027391 -26.342014
Vertex -13.277563 21.063519 -29.569258
Vertex -19.860586 24.238873 -30.827862
Vertex -22.227715 22.138956 -25.633827
Vertex -26.058764 28.370054 -24.409254
Vertex -25.721016 35.117981 -21.350740
Vertex -21.343481 39.805260 -17.626532
Vertex -14.598227 40.641506 -14.659151
Vertex -8.061711 37.307304 -13.582036
Vertex -4.230664 31.076202 -14.806608
Vertex -4.568410 24.328278 -17.865122
Vertex -8.945947 19.640999 -21.589331
Vertex -15.691204 18.804754 -24.556713
Vertex -22.227720 22.138962 -25.633827
Vertex -24.319040 20.132015 -20.474733
Vertex -28.010834 26.450926 -19.272606
Vertex -27.484541 33.242668 -16.340302
Vertex -22.941189 37.913013 -12.797859
Vertex -16.116184 38.678062 -9.998375
Vertex -9.616446 35.245586 -9.011153
Vertex -5.924653 28.926674 -10.213282
Vertex -6.450944 22.134937 -13.145586
Vertex -10.994297 17.464584 -16.688028
Vertex -17.819307 16.699537 -19.487514
Vertex -24.319046 20.132019 -20.474733
Vertex -26.226158 18.209991 -15.370366
Vertex -29.834404 24.586674 -14.220759
Vertex -29.198895 31.415920 -11.399302
Vertex -24.562376 36.089191 -7.983698
Vertex -17.695843 36.821453 -5.278591
Vertex -11.222075 33.333012 -4.317238
Vertex -7.613832 26.956329 -5.466846
Vertex -8.249340 20.127083 -8.288301
Vertex -12.885859 15.453811 -11.703907
Vertex -19.752396 14.721548 -14.409016
Vertex -26.226166 18.209995 -15.370366
Vertex -28.022535 16.365501 -10.331866
Vertex -31.585182 22.778910 -9.246110
Vertex -30.894821 29.637577 -6.510205
Vertex -26.215149 34.321728 -3.169174
Vertex -19.333637 35.042175 -0.499178
Vertex -12.878794 31.523735 0.479937
Vertex -9.316148 25.110327 -0.605820
Vertex -10.006508 18.251661 -3.341724
Vertex -14.686182 13.567507 -6.682756
Vertex -21.567696 12.847061 -9.352754
Vertex -28.022541 16.365507 -10.331866
Vertex -29.770145 14.591081 -5.366378
Vertex -33.308132 21.028141 -4.341675
Vertex -32.595791 27.905401 -1.658583
Vertex -27.905212 32.595982 1.658049
Vertex -21.028038 33.308235 4.341380
Vertex -14.591114 29.770115 5.366468
Vertex -11.053127 23.333052 4.341765
Vertex -11.765468 16.455795 1.658674
Vertex -16.456047 11.765215 -1.657959
Vertex -23.333225 11.052958 -4.341290
Vertex -29.770151 14.591086 -5.366378
Vertex -31.523565 12.879224 -0.480777
Vertex -35.041904 19.334116 0.498375
Vertex -34.321472 26.215483 3.168752
Vertex -29.637444 30.894871 6.510358
Vertex -22.778965 31.584913 9.246815
Vertex -16.365736 28.022041 10.332888
Vertex -12.847397 21.567146 9.353735
Vertex -13.567830 14.685784 6.683360
Vertex -18.251858 10.006394 3.341752
Vertex -25.110344 9.316351 0.605295
Vertex -31.523571 12.879230 -0.480777
Vertex -33.332962 11.222675 4.316352
Vertex -36.821201 17.696537 5.277814
Vertex -36.088844 24.562889 7.983363
Vertex -31.415623 29.199015 11.399570
Vertex -24.586555 29.834072 14.221562
Vertex -18.210110 26.225494 15.371432
Vertex -14.721872 19.751633 14.409970
Vertex -15.454228 12.885283 11.704422
Vertex -20.127449 8.249156 8.288214
Vertex -26.956520 7.614097 5.466220
Vertex -33.332966 11.222681 4.316352
Vertex -35.245697 9.618210 9.009039
Vertex -38.677582 16.118162 9.996906
Vertex -37.912140 22.942614 12.797634
Vertex -33.241745 27.484854 16.341438
Vertex -26.450325 28.009905 19.274706
Vertex -20.131977 24.317211 20.477030
Vertex -16.700090 17.817257 19.489162
Vertex -17.465532 10.992808 16.688435
Vertex -22.135931 6.450566 13.144629
Vertex -28.927353 5.925518 10.211362
Vertex -35.245705 9.618216 9.009039
Vertex -37.307789 8.064762 13.579064
Vertex -40.640766 14.601742 14.657140
Vertex -39.803596 21.346106 17.626282
Vertex -35.116043 25.721735 21.352381
Vertex -28.368593 26.057289 24.412193
Vertex -22.138546 22.224596 25.636972
Vertex -18.805569 15.687616 24.558897
Vertex -19.642740 8.943254 21.589758
Vertex -24.330296 4.567623 17.863657
Vertex -31.077745 4.232071 14.803843
Vertex -37.307793 8.064768 13.579064
Vertex -39.562363 6.570909 17.999184
Vertex -42.736095 13.154319 19.259840
Vertex -41.770878 19.760319 22.489738
Vertex -37.035389 23.865637 26.455166
Vertex -30.338430 23.902187 29.641466
Vertex -24.238008 19.856005 30.831577
Vertex -21.064280 13.272594 29.570919
Vertex -22.029495 6.666597 26.341022
Vertex -26.764984 2.561275 22.375595
Vertex -33.461948 2.524727 19.189295
Vertex -39.562370 6.570914 17.999184
Vertex -42.045002 5.151937 22.241411
Vertex -44.982338 11.777990 23.813223
Vertex -43.818031 18.155214 27.415791
Vertex -38.996815 21.847731 31.673056
Vertex -32.360229 21.445118 34.958889
Vertex -26.443218 17.101166 36.018211
Vertex -23.505882 10.475113 34.446400
Vertex -24.670185 4.097889 30.843832
Vertex -29.491405 0.405373 26.586565
Vertex -36.127998 0.807985 23.300732
Vertex -42.045006 5.151942 22.241411
Vertex -44.774452 3.828668 26.281206
Vertex -47.386688 10.458820 28.335571
Vertex -45.946217 16.466524 32.438698
Vertex -41.003239 19.557043 37.023323
Vertex -34.445816 18.549904 40.338280
Vertex -28.778654 13.829798 41.117371
Vertex -26.166416 7.199646 39.063004
Vertex -27.606892 1.191943 34.959877
Vertex -32.549870 -1.898577 30.375250
Vertex -39.107296 -0.891435 27.060293
Vertex -44.774460 3.828675 26.281206
Vertex -47.737095 2.600775 30.111080
Vertex -49.945530 9.126870 32.856258
Vertex -48.169621 14.557316 37.584843
Vertex -43.087704 16.817867 42.490673
Vertex -36.640900 15.045071 45.699886
Vertex -31.291676 9.916073 45.986675
Vertex -29.083241 3.389977 43.241497
Vertex -30.859150 -2.040467 38.512913
Vertex -35.941067 -4.301020 33.607082
Vertex -42.387871 -2.528220 30.397867
Vertex -47.737099 2.600781 30.111080
Vertex -50.876961 1.395483 33.738228
Vertex -52.656528 7.604158 37.383575
Vertex -50.543713 12.184878 42.820133
Vertex -45.345535 13.387963 47.971313
Vertex -39.047527 10.753874 50.869537
Vertex -34.055305 5.288744 50.407791
Vertex -32.275738 -0.919931 46.762444
Vertex -34.388550 -5.500650 41.325890
Vertex -39.586731 -6.703735 36.174706
Vertex -45.884743 -4.069644 33.276478
Vertex -50.876965 1.395489 33.738228
Vertex -54.111683 0.007853 37.141125
Vertex -55.552197 5.572208 41.827911
Vertex -53.201401 9.008152 47.965591
Vertex -47.957207 9.003268 53.209785
Vertex -41.822727 5.559425 55.557381
Vertex -37.141125 -0.007949 54.111683
Vertex -35.700607 -5.572304 49.424896
Vertex -38.051407 -9.008246 43.287216
Vertex -43.295601 -9.003364 38.043022
Vertex -49.430084 -5.559517 35.695423
Vertex -54.111687 0.007859 37.141129
Vertex -57.377335 -1.892002 40.181957
Vertex -58.720543 2.631804 45.903332
Vertex -56.338486 4.678294 52.622021
Vertex -51.141033 3.465779 57.771717
Vertex -45.113434 -0.542602 59.385414
Vertex -40.558022 -5.815784 56.846737
Vertex -39.214813 -10.339590 51.125362
Vertex -41.596867 -12.386079 44.406677
Vertex -46.794323 -11.173564 39.256973
Vertex -52.821926 -7.165181 37.643276
Vertex -57.377335 -1.891997 40.181961
Vertex -60.649929 -4.634192 42.550430
Vertex -62.244095 -1.540471 49.099522
Vertex -60.089211 -1.030185 56.177605
Vertex -55.008369 -3.298246 61.081081
Vertex -48.942284 -7.478332 61.936993
Vertex -44.207989 -11.973790 58.418411
Vertex -42.613823 -15.067510 51.869316
Vertex -44.768707 -15.577795 44.791241
Vertex -49.849548 -13.309734 39.887760
Vertex -55.915638 -9.129646 39.031853
Vertex -60.649933 -4.634188 42.550434
Vertex -63.897808 -8.411672 43.809879
Vertex -66.063736 -7.054854 50.771984
Vertex -64.348038 -8.129628 57.906715
Vertex -59.406078 -11.225466 62.488846
Vertex -53.125504 -15.159862 62.768154
Vertex -47.905285 -18.430012 58.637959
Vertex -45.739361 -19.786827 51.675850
Vertex -47.455051 -18.712053 44.541122
Vertex -52.397015 -15.616216 39.958992
Vertex -58.677593 -11.681819 39.679684
Vertex -63.897812 -8.411669 43.809887
Vertex -67.013214 -13.258556 43.485889
Vertex -69.890045 -13.761507 50.303074
Vertex -68.688881 -16.356974 57.145870
Vertex -63.868523 -20.053572 61.400562
Vertex -57.270187 -23.439329 61.442005
Vertex -51.414215 -25.221001 57.254368
Vertex -48.537384 -24.718048 50.437183
Vertex -49.738548 -22.122585 43.594387
Vertex -54.558907 -18.425983 39.339691
Vertex -61.157246 -15.040227 39.298252
Vertex -67.013222 -13.258556 43.485897
Vertex -69.780312 -19.083069 41.131683
Vertex -73.273636 -21.313850 47.281757
Vertex -72.506325 -25.231709 53.531937
Vertex -67.771454 -29.340153 57.494865
Vertex -60.877590 -32.069901 57.656841
Vertex -54.457954 -32.378281 53.955994
Vertex -50.964630 -30.147499 47.805920
Vertex -51.731941 -26.229643 41.555740
Vertex -56.466812 -22.121195 37.592812
Vertex -63.360680 -19.391447 37.430840
Vertex -69.780312 -19.083073 41.131691
Vertex -71.882256 -25.678886 36.390263
Vertex -75.762131 -29.321608 41.555557
Vertex -75.263115 -34.278286 47.049686
Vertex -70.575813 -38.655636 50.774071
Vertex -63.490612 -40.781662 51.306137
Vertex -56.713825 -39.844292 48.442646
Vertex -52.833954 -36.201569 43.277351
Vertex -53.332970 -31.244892 37.783230
Vertex -58.020271 -26.867538 34.058834
Vertex -65.105476 -24.741516 33.526772
Vertex -71.882263 -25.678890 36.390266
Vertex -72.940071 -32.715397 29.082020
Vertex -76.970261 -37.419434 33.160343
Vertex -76.574631 -43.134777 37.870064
Vertex -71.904274 -47.678349 41.412231
Vertex -64.743149 -49.314667 42.433857
Vertex -57.826530 -47.418713 40.544712
Vertex -53.796341 -42.714676 36.466389
Vertex -54.191978 -36.999336 31.756668
Vertex -58.862320 -32.455757 28.214500
Vertex -66.023460 -30.819443 27.192875
Vertex -72.940079 -32.715401 29.082024
Vertex -72.582451 -39.738586 19.309017
Vertex -76.577652 -45.214634 22.318075
Vertex -76.158577 -51.464531 26.288752
Vertex -71.485306 -56.101036 29.704374
Vertex -64.342865 -57.353157 31.260298
Vertex -57.459435 -54.742630 30.362209
Vertex -53.464237 -49.266579 27.353149
Vertex -53.883308 -43.016685 23.382479
Vertex -58.556580 -38.380180 19.966852
Vertex -65.699020 -37.128059 18.410929
Vertex -72.582458 -39.738590 19.309019
Vertex -70.539719 -46.201942 7.546138
Vertex -74.362137 -52.236565 9.540019
Vertex -73.829582 -58.858307 12.837305
Vertex -69.145470 -63.537872 16.178545
Vertex -62.098984 -64.487839 18.287500
Vertex -55.381634 -61.345345 18.358618
Vertex -51.559223 -55.310722 16.364737
Vertex -52.091778 -48.688988 13.067452
Vertex -56.775883 -44.009415 9.726211
Vertex -63.822376 -43.059452 7.617257
Vertex -70.539726 -46.201946 7.546139
Vertex -66.737686 -51.558918 -5.366801
Vertex -70.274422 -57.997234 -4.345642
Vertex -69.561325 -64.875237 -1.664682
Vertex -64.870773 -69.565788 1.652043
Vertex -57.994404 -70.277245 4.337656
Vertex -51.558758 -66.737846 5.366345
Vertex -48.022026 -60.299530 4.345186
Vertex -48.735123 -53.421516 1.664228
Vertex -53.425667 -48.730972 -1.652498
Vertex -60.302040 -48.019524 -4.338113
Vertex -66.737686 -51.558922 -5.366801
Vertex -61.344929 -55.381828 -18.359470
Vertex -64.483704 -62.100994 -18.296110
Vertex -63.531532 -69.148560 -16.191776
Vertex -58.852104 -73.832611 -12.850254
Vertex -52.232800 -74.363983 -9.547894
Vertex -46.201977 -70.539719 -7.546082
Vertex -43.063198 -63.820553 -7.609445
Vertex -44.015373 -56.772984 -9.713778
Vertex -48.694801 -52.088940 -13.055300
Vertex -55.314106 -51.557568 -16.357662
Vertex -61.344933 -55.381836 -18.359472
Vertex -54.741749 -57.459560 -30.363577
Vertex -57.347031 -64.343887 -31.270037
Vertex -56.091915 -71.486839 -29.718901
Vertex -51.455818 -76.160057 -26.302649
Vertex -45.209572 -76.578522 -22.326174
Vertex -39.739025 -72.582397 -19.308352
Vertex -37.133743 -65.698074 -18.401892
Vertex -38.388855 -58.555122 -19.953028
Vertex -43.024956 -53.881905 -23.369280
Vertex -49.271210 -53.463440 -27.345757
Vertex -54.741753 -57.459568 -30.363579
Vertex -47.416733 -57.826450 -40.547134
Vertex -49.306225 -64.742706 -42.444054
Vertex -47.666576 -71.903656 -41.426414
Vertex -43.124081 -76.574036 -37.882919
Vertex -37.413815 -76.969940 -33.167068
Vertex -32.716911 -72.940140 -29.080153
Vertex -30.827421 -66.023880 -27.183235
Vertex -32.467068 -58.862938 -28.200874
Vertex -37.009563 -54.192551 -31.744370
Vertex -42.719833 -53.796650 -36.460224
Vertex -47.416737 -57.826458 -40.547138
Vertex -39.841141 -56.713348 -48.445747
Vertex -40.769497 -63.488148 -51.316875
Vertex -38.639015 -70.572281 -50.788422
Vertex -34.263474 -75.259842 -47.062241
Vertex -29.314173 -75.760353 -41.561604
Vertex -25.681580 -71.882629 -36.387566
Vertex -24.753223 -65.107834 -33.516438
Vertex -26.883703 -58.023705 -34.044891
Vertex -31.259249 -53.336136 -37.771072
Vertex -36.208549 -52.835629 -43.271717
Vertex -39.841145 -56.713356 -48.445751
Vertex -32.373192 -54.456913 -53.960011
Vertex -32.053528 -60.872746 -57.666489
Vertex -29.318665 -67.764633 -57.506504
Vertex -25.213230 -72.500092 -53.541164
Vertex -21.305359 -73.270355 -47.285103
Vertex -19.087729 -69.781197 -41.127911
Vertex -19.407396 -63.365360 -37.421432
Vertex -22.142258 -56.473476 -37.581417
Vertex -26.247692 -51.738010 -41.546757
Vertex -30.155563 -50.967754 -47.802826
Vertex -32.373196 -54.456917 -53.960014
Vertex -25.214600 -51.412807 -57.258331
Vertex -23.420418 -57.263515 -61.447987
Vertex -20.029301 -63.859093 -61.406300
Vertex -16.336536 -68.680260 -57.149185
Vertex -13.752639 -69.885490 -50.302731
Vertex -13.264568 -67.014420 -43.482033
Vertex -15.058750 -61.163712 -39.292377
Vertex -18.449867 -54.568134 -39.334068
Vertex -22.142632 -49.746967 -43.591179
Vertex -24.726530 -48.541740 -50.437641
Vertex -25.214600 -51.412811 -57.258339
Vertex -18.420269 -47.903351 -58.642452
Vertex -15.138924 -53.118881 -62.769699
Vertex -11.201262 -59.397251 -62.486847
Vertex -8.111339 -64.340340 -57.901939
Vertex -7.049400 -66.060051 -50.766254
Vertex -8.421068 -63.899521 -43.805386
Vertex -11.702415 -58.683990 -39.678139
Vertex -15.640074 -52.405624 -39.960991
Vertex -18.729998 -47.462532 -44.545898
Vertex -19.791939 -45.742821 -51.681587
Vertex -18.420267 -47.903358 -58.642460
Vertex -11.960743 -44.206032 -58.422409
Vertex -7.457172 -48.937752 -61.934071
Vertex -3.276999 -55.002956 -61.072338
Vertex -1.016909 -60.084938 -56.166363
Vertex -1.540179 -62.242554 -49.090065
Vertex -4.646937 -60.651665 -42.546349
Vertex -9.150509 -55.919945 -39.034687
Vertex -13.330679 -49.854744 -39.896420
Vertex -15.590771 -44.772758 -44.802395
Vertex -15.067500 -42.615147 -51.878696
Vertex -11.960739 -44.206032 -58.422413
Vertex -5.800392 -40.556744 -56.849052
Vertex -0.522789 -45.111980 -59.378845
Vertex 3.482495 -51.139923 -57.758736
Vertex 4.685578 -56.338097 -52.607555
Vertex 2.626924 -58.720982 -45.892879
Vertex -1.907132 -57.378399 -40.179482
Vertex -7.184734 -52.823162 -37.649689
Vertex -11.190018 -46.795227 -39.269794
Vertex -12.393103 -41.597046 -44.420979
Vertex -10.334446 -39.214157 -51.135658
Vertex -5.800386 -40.556747 -56.849056
Vertex 0.007972 -37.141022 -54.111580
Vertex 5.575780 -41.824673 -55.548954
Vertex 9.013856 -47.960415 -53.196213
Vertex 9.008968 -53.204605 -47.952019
Vertex 5.562988 -55.554142 -41.819485
Vertex -0.007841 -54.111580 -37.141022
Vertex -5.575649 -49.427929 -35.703648
Vertex -9.013723 -43.292191 -38.056389
Vertex -9.008837 -38.047997 -43.300583
Vertex -5.562853 -35.698460 -49.433125
Vertex 0.007978 -37.141026 -54.111584
Vertex 5.304965 -34.056446 -50.405144
Vertex 10.767656 -39.051994 -50.859650
Vertex 13.394081 -45.351597 -47.957912
Vertex 12.181032 -50.549004 -42.808300
Vertex 7.591855 -52.658997 -37.377785
Vertex 1.379458 -50.875622 -33.740639
Vertex -4.083232 -45.880074 -33.286133
Vertex -6.709656 -39.580475 -36.187866
Vertex -5.496607 -34.383064 -41.337486
Vertex -0.907427 -32.273071 -46.768005
Vertex 5.304972 -34.056450 -50.405148
Vertex 9.928329 -31.293329 -45.982731
Vertex 15.054260 -36.645226 -45.690941
Vertex 16.820515 -43.093014 -42.480099
Vertex 14.552442 -48.173847 -37.576626
Vertex 9.116369 -49.947029 -32.853485
Vertex 2.588692 -47.735268 -30.114759
Vertex -2.537239 -42.383369 -30.406548
Vertex -4.303493 -35.935589 -33.617390
Vertex -2.035420 -30.854748 -38.520863
Vertex 3.400655 -29.081562 -43.244007
Vertex 9.928335 -31.293333 -45.982731
Vertex 13.837727 -28.780067 -41.113541
Vertex 18.555189 -34.449047 -40.331673
Vertex 19.557695 -41.007030 -37.016399
Vertex 16.462322 -45.949078 -32.434052
Vertex 10.451398 -47.387508 -28.334930
Vertex 3.820891 -44.772881 -26.284752
Vertex -0.896570 -39.103897 -27.066620
Vertex -1.899076 -32.545921 -30.381891
Vertex 1.196298 -27.603868 -34.964241
Vertex 7.207225 -26.165443 -39.063366
Vertex 13.837733 -28.780071 -41.113541
Vertex 17.107412 -26.444443 -36.014175
Vertex 21.448799 -32.363056 -34.953285
Vertex 21.847460 -39.000141 -31.667971
Vertex 18.151127 -43.820553 -27.413109
Vertex 11.771670 -44.983059 -23.813913
Vertex 5.145827 -42.043625 -22.245153
Vertex 0.804442 -36.125011 -23.306042
Vertex 0.405779 -29.487928 -26.591354
Vertex 4.102114 -24.667513 -30.846218
Vertex 10.481573 -23.505005 -34.445415
Vertex 17.107418 -26.444447 -36.014175
Vertex 19.860813 -24.238876 -30.827631
Vertex 23.904690 -30.340734 -29.637035
Vertex 23.864899 -37.038223 -26.451887
Vertex 19.756645 -41.773132 -22.488806
Vertex 13.149138 -42.736877 -19.261551
Vertex 6.566225 -39.561356 -18.002829
Vertex 2.522352 -33.459496 -19.193424
Vertex 2.562140 -26.762011 -22.378571
Vertex 6.670396 -22.027102 -26.341656
Vertex 13.277905 -21.063353 -29.568911
Vertex 19.860821 -24.238884 -30.827631
Vertex 22.227386 -22.138878 -25.634111
Vertex 26.058651 -28.369825 -24.409447
Vertex 25.721169 -35.117683 -21.350742
Vertex 21.343849 -39.804989 -17.626318
Vertex 14.598682 -40.641357 -14.658778
Vertex 8.062088 -37.307327 -13.581621
Vertex 4.230827 -31.076378 -14.806286
Vertex 4.568307 -24.328524 -17.864988
Vertex 8.945626 -19.641214 -21.589415
Vertex 15.690799 -18.804844 -24.556955
Vertex 22.227394 -22.138884 -25.634111
Vertex 24.319185 -20.131992 -20.474518
Vertex 28.010900 -26.450966 -19.272451
Vertex 27.484512 -33.242737 -16.340242
Vertex 22.941084 -37.913086 -12.797895
Vertex 16.116051 -38.678093 -9.998466
Vertex 9.616346 -35.245556 -9.011242
Vertex 5.924632 -28.926582 -10.213308
Vertex 6.451020 -22.134813 -13.145516
Vertex 10.994450 -17.464464 -16.687864
Vertex 17.819485 -16.699455 -19.487295
Vertex 24.319191 -20.131998 -20.474518
Vertex 26.226158 -18.209969 -15.370339
Vertex 29.834396 -24.586660 -14.220771
Vertex 29.198896 -31.415915 -11.399323
Vertex 24.562393 -36.089184 -7.983695
Vertex 17.695877 -36.821438 -5.278541
Vertex 11.222122 -33.332985 -4.317136
Vertex 7.613883 -26.956291 -5.466705
Vertex 8.249385 -20.127041 -8.288152
Vertex 12.885888 -15.453770 -11.703780
Vertex 19.752407 -14.721515 -14.408936
Vertex 26.226164 -18.209974 -15.370339
Vertex 28.022514 -16.365496 -10.331886
Vertex 31.585167 -22.778900 -9.246140
Vertex 30.894829 -29.637560 -6.510209
Vertex 26.215179 -34.321701 -3.169125
Vertex 19.333694 -35.042137 -0.499069
Vertex 12.878860 -31.523691 0.480087
Vertex 9.316206 -25.110287 -0.605659
Vertex 10.006546 -18.251629 -3.341590
Vertex 14.686193 -13.567486 -6.682675
Vertex 21.567684 -12.847050 -9.352731
Vertex 28.022520 -16.365501 -10.331886
Vertex 29.770123 -14.591106 -5.366446
Vertex 33.308117 -21.028158 -4.341718
Vertex 32.595798 -27.905394 -1.658559
Vertex 27.905249 -32.595943 1.658156
Vertex 21.028099 -33.308174 4.341553
Vertex 14.591184 -29.770042 5.366667
Vertex 11.053188 -23.332991 4.341939
Vertex 11.765505 -16.455757 1.658780
Vertex 16.456057 -11.765206 -1.657935
Vertex 23.333210 -11.052975 -4.341333
Vertex 29.770126 -14.591112 -5.366446
Vertex 31.523632 -12.879098 -0.480504
Vertex 35.041920 -19.334057 0.498425
Vertex 34.321430 -26.215500 3.168584
Vertex 29.637377 -30.894949 6.510062
Vertex 22.778904 -31.585018 9.246528
Vertex 16.365715 -28.022121 10.332745
Vertex 12.847429 -21.567162 9.353815
Vertex 13.567915 -14.685721 6.683657
Vertex 18.251970 -10.006269 3.342178
Vertex 25.110447 -9.316201 0.605711
Vertex 31.523640 -12.879104 -0.480504
Vertex 33.332973 -11.222745 4.316274
Vertex 36.821205 -17.696596 5.277819
Vertex 36.088852 -24.562904 7.983474
Vertex 31.415642 -29.198975 11.399771
Vertex 24.586584 -29.833982 14.221800
Vertex 18.210148 -26.225380 15.371642
Vertex 14.721914 -19.751526 14.410096
Vertex 15.454268 -12.885219 11.704443
Vertex 20.127480 -8.249148 8.288145
Vertex 26.956541 -7.614142 5.466115
Vertex 33.332977 -11.222751 4.316274
Vertex 35.245705 -9.617688 9.009713
Vertex 38.677757 -16.117580 9.997406
Vertex 37.912422 -22.942184 12.797791
Vertex 33.242035 -27.484732 16.341219
Vertex 26.450527 -28.010124 19.274218
Vertex 20.132023 -24.317684 20.476484
Vertex 16.699972 -17.817789 19.488791
Vertex 17.465305 -10.993189 16.688406
Vertex 22.135691 -6.450639 13.144978
Vertex 28.927200 -5.925246 10.211977
Vertex 35.245708 -9.617694 9.009713
Vertex 37.307827 -8.064803 13.579062
Vertex 40.640808 -14.601765 14.657228
Vertex 39.803638 -21.346092 17.626455
Vertex 35.116077 -25.721680 21.352594
Vertex 28.368620 -26.057205 24.412390
Vertex 22.138565 -22.224504 25.637106
Vertex 18.805580 -15.687543 24.558939
Vertex 19.642754 -8.943217 21.589714
Vertex 24.330315 -4.567627 17.863571
Vertex 31.077776 -4.232105 14.803776
Vertex 37.307831 -8.064809 13.579062
Vertex 39.562321 -6.570508 17.999546
Vertex 42.736217 -13.153856 19.260103
Vertex 41.771133 -19.759960 22.489828
Vertex 37.035690 -23.865511 26.455070
Vertex 30.338673 -23.902328 29.641245
Vertex 24.238113 -19.856352 30.831341
Vertex 21.064217 -13.273005 29.570782
Vertex 22.029301 -6.666903 26.341061
Vertex 26.764744 -2.561349 22.375816
Vertex 33.461765 -2.524532 19.189640
Vertex 39.562325 -6.570514 17.999546
Vertex 42.045006 -5.151752 22.241570
Vertex 44.982388 -11.777803 23.813295
Vertex 43.818127 -18.155087 27.415773
Vertex 38.996929 -21.847698 31.672979
Vertex 32.360332 -21.445183 34.958801
Vertex 26.443285 -17.101292 36.018173
Vertex 23.505901 -10.475241 34.446445
Vertex 24.670162 -4.097958 30.843969
Vertex 29.491360 -0.405345 26.586763
Vertex 36.127964 -0.807861 23.300938
Vertex 42.045006 -5.151757 22.241570
Vertex 44.774544 -3.828932 26.281128
Vertex 47.386658 -10.459100 28.335600
Vertex 45.946087 -16.466700 32.438843
Vertex 41.003078 -19.557035 37.023556
Vertex 34.445694 -18.549702 40.338531
Vertex 28.778631 -13.829469 41.117569
Vertex 26.166517 -7.199302 39.063095
Vertex 27.607088 -1.191703 34.959858
Vertex 32.550098 1.898635 30.375143
Vertex 39.107487 0.891301 27.060165
Vertex 44.774551 -3.828938 26.281128
Vertex 47.737152 -2.600851 30.111099
Vertex 49.945618 -9.126868 32.856438
Vertex 48.169724 -14.557224 37.585129
Vertex 43.087799 -16.817705 42.490982
Vertex 36.640968 -15.044888 45.700119
Vertex 31.291697 -9.915924 45.986763
Vertex 29.083229 -3.389908 43.241425
Vertex 30.859121 2.040447 38.512733
Vertex 35.941048 4.300930 33.606880
Vertex 42.387886 2.528109 30.397745
Vertex 47.737152 -2.600857 30.111099
Vertex 50.877140 -1.397282 33.737991
Vertex 52.656075 -7.605736 37.384029
Vertex 50.542816 -12.185616 42.821117
Vertex 45.344551 -13.387561 47.972477
Vertex 39.046844 -10.752472 50.870457
Vertex 34.055202 -5.286862 50.408134
Vertex 32.276268 0.921591 46.762096
Vertex 34.389526 5.501469 41.325008
Vertex 39.587791 6.703416 36.173649
Vertex 45.885502 4.068325 33.275665
Vertex 50.877144 -1.397289 33.737995
Vertex 54.111729 -0.007802 37.141171
Vertex 55.552414 -5.571972 41.828125
Vertex 53.201721 -9.007802 47.965908
Vertex 47.957527 -9.002920 53.210102
Vertex 41.822945 -5.559194 55.557594
Vertex 37.141171 0.007993 54.111729
Vertex 35.700485 5.572163 49.424774
Vertex 38.051178 9.007992 43.286991
Vertex 43.295372 9.003111 38.042797
Vertex 49.429958 5.559381 35.695301
Vertex 54.111732 -0.007808 37.141174

Face 1 12 13
Face 1 13 2
Face 2 13 14
Face 2 14 3
Face 3 14 15
Face 3 15 4
Face 4 15 16
Face 4 16 5
Face 5 16 17
Face 5 17 6
Face 6 17 18
Face 6 18 7
Face 7 18 19
Face 7 19 8
Face 8 19 20
Face 8 20 9
Face 9 20 21
Face 9 21 10
Face 10 21 12
Face 10 12 1
Face 12 23 24
Face 12 24 13
Face 13 24 25
Face 13 25 14
Face 14 25 26
Face 14 26 15
Face 15 26 27
Face 15 27 16
Face 16 27 28
Face 16 28 17
Face 17 28 29
Face 17 29 18
Face 18 29 30
Face 18 30 19
Face 19 30 31
Face 19 31 20
Face 20 31 32
Face 20 32 21
Face 21 32 23
Face 21 23 12
Face 23 34 35
Face 23 35 24
Face 24 35 36
Face 24 36 25
Face 25 36 37
Face 25 37 26
Face 26 37 38
Face 26 38 27
Face 27 38 39
Face 27 39 28
Face 28 39 40
Face 28 40 29
Face 29 40 41
Face 29 41 30
Face 30 41 42
Face 30 42 31
Face 31 42 43
Face 31 43 32
Face 32 43 34
Face 32 34 23
Face 34 45 46
Face 34 46 35
Face 35 46 47
Face 35 47 36
Face 36 47 48
Face 36 48 37
Face 37 48 49
Face 37 49 38
Face 38 49 50
Face 38 50 39
Face 39 50 51
Face 39 51 40
Face 40 51 52
Face 40 52 41
Face 41 52 53
Face 41 53 42
Face 42 53 54
Face 42 54 43
Face 43 54 45
Face 43 45 34
Face 45 56 57
Face 45 57 46
Face 46 57 58
Face 46 58 47
Face 47 58 59
Face 47 59 48
Face 48 59 60
Face 48 60 49
Face 49 60 61
Face 49 61 50
Face 50 61 62
Face 50 62 51
Face 51 62 63
Face 51 63 52
Face 52 63 64
Face 52 64 53
Face 53 64 65
Face 53 65 54
Face 54 65 56
Face 54 56 45
Face 56 67 68
Face 56 68 57
Face 57 68 69
Face 57 69 58
Face 58 69 70
Face 58 70 59
Face 59 70 71
Face 59 71 60
Face 60 71 72
Face 60 72 61
Face 61 72 73
Face 61 73 62
Face 62 73 74
Face 62 74 63
Face 63 74 75
Face 63 75 64
Face 64 75 76
Face 64 76 65
Face 65 76 67
Face 65 67 56
Face 67 78 79
Face 67 79 68
Face 68 79 80
Face 68 80 69
Face 69 80 81
Face 69 81 70
Face 70 81 82
Face 70 82 71
Face 71 82 83
Face 71 83 72
Face 72 83 84
Face 72 84 73
Face 73 84 85
Face 73 85 74
Face 74 85 86
Face 74 86 75
Face 75 86 87
Face 75 87 76
Face 76 87 78
Face 76 78 67
Face 78 89 90
Face 78 90 79
Face 79 90 91
Face 79 91 80
Face 80 91 92
Face 80 92 81
Face 81 92 93
Face 81 93 82
Face 82 93 94
Face 82 94 83
Face 83 94 95
Face 83 95 84
Face 84 95 96
Face 84 96 85
Face 85 96 97
Face 85 97 86
Face 86 97 98
Face 86 98 87
Face 87 98 89
Face 87 89 78
Face 89 100 101
Face 89 101 90
Face 90 101 102
Face 90 102 91
Face 91 102 103
Face 91 103 92
Face 92 103 104
Face 92 104 93
Face 93 104 105
Face 93 105 94
Face 94 105 106
Face 94 106 95
Face 95 106 107
Face 95 107 96
Face 96 107 108
Face 96 108 97
Face 97 108 109
Face 97 109 98
Face 98 109 100
Face 98 100 89
Face 100 111 112
Face 100 112 101
Face 101 112 113
Face 101 113 102
Face 102 113 114
Face 102 114 103
Face 103 114 115
Face 103 115 104
Face 104 115 116
Face 104 116 105
Face 105 116 117
Face 105 117 106
Face 106 117 118
Face 106 118 107
Face 107 118 119
Face 107 119 108
Face 108 119 120
Face 108 120 109
Face 109 120 111
Face 109 111 100
Face 111 122 123
Face 111 123 112
Face 112 123 124
Face 112 124 113
Face 113 124 125
Face 113 125 114
Face 114 125 126
Face 114 126 115
Face 115 126 127
Face 115 127 116
Face 116 127 128
Face 116 128 117
Face 117 128 129
Face 117 129 118
Face 118 129 130
Face 118 130 119
Face 119 130 131
Face 119 131 120
Face 120 131 122
Face 120 122 111
Face 122 133 134
Face 122 134 123
Face 123 134 135
Face 123 135 124
Face 124 135 136
Face 124 136 125
Face 125 136 137
Face 125 137 126
Face 126 137 138
Face 126 138 127
Face 127 138 139
Face 127 139 128
Face 128 139 140
Face 128 140 129
Face 129 140 141
Face 129 141 130
Face 130 141 142
Face 130 142 131
Face 131 142 133
Face 131 133 122
Face 133 144 145
Face 133 145 134
Face 134 145 146
Face 134 146 135
Face 135 146 147
Face 135 147 136
Face 136 147 148
Face 136 148 137
Face 137 148 149
Face 137 149 138
Face 138 149 150
Face 138 150 139
Face 139 150 151
Face 139 151 140
Face 140 151 152
Face 140 152 141
Face 141 152 153
Face 141 153 142
Face 142 153 144
Face 142 144 133
Face 144 155 156
Face 144 156 145
Face 145 156 157
Face 145 157 146
Face 146 157 158
Face 146 158 147
Face 147 158 159
Face 147 159 148
Face 148 159 160
Face 148 160 149
Face 149 160 161
Face 149 161 150
Face 150 161 162
Face 150 162 151
Face 151 162 163
Face 151 163 152
Face 152 163 164
Face 152 164 153
Face 153 164 155
Face 153 155 144
Face 155 166 167
Face 155 167 156
Face 156 167 168
Face 156 168 157
Face 157 168 169
Face 157 169 158
Face 158 169 170
Face 158 170 159
Face 159 170 171
Face 159 171 160
Face 160 171 172
Face 160 172 161
Face 161 172 173
Face 161 173 162
Face 162 173 174
Face 162 174 163
Face 163 174 175
Face 163 175 164
Face 164 175 166
Face 164 166 155
Face 166 177 178
Face 166 178 167
Face 167 178 179
Face 167 179 168
Face 168 179 180
Face 168 180 169
Face 169 180 181
Face 169 181 170
Face 170 181 182
Face 170 182 171
Face 171 182 183
Face 171 183 172
Face 172 183 184
Face 172 184 173
Face 173 184 185
Face 173 185 174
Face 174 185 186
Face 174 186 175
Face 175 186 177
Face 175 177 166
Face 177 188 189
Face 177 189 178
Face 178 189 190
Face 178 190 179
Face 179 190 191
Face 179 191 180
Face 180 191 192
Face 180 192 181
Face 181 192 193
Face 181 193 182
Face 182 193 194
Face 182 194 183
Face 183 194 195
Face 183 195 184
Face 184 195 196
Face 184 196 185
Face 185 196 197
Face 185 197 186
Face 186 197 188
Face 186 188 177
Face 188 199 200
Face 188 200 189
Face 189 200 201
Face 189 201 190
Face 190 201 202
Face 190 202 191
Face 191 202 203
Face 191 203 192
Face 192 203 204
Face 192 204 193
Face 193 204 205
Face 193 205 194
Face 194 205 206
Face 194 206 195
Face 195 206 207
Face 195 207 196
Face 196 207 208
Face 196 208 197
Face 197 208 199
Face 197 199 188
Face 199 210 211
Face 199 211 200
Face 200 211 212
Face 200 212 201
Face 201 212 213
Face 201 213 202
Face 202 213 214
Face 202 214 203
Face 203 214 215
Face 203 215 204
Face 204 215 216
Face 204 216 205
Face 205 216 217
Face 205 217 206
Face 206 217 218
Face 206 218 207
Face 207 218 219
Face 207 219 208
Face 208 219 210
Face 208 210 199
Face 210 221 222
Face 210 222 211
Face 211 222 223
Face 211 223 212
Face 212 223 224
Face 212 224 213
Face 213 224 225
Face 213 225 214
Face 214 225 226
Face 214 226 215
Face 215 226 227
Face 215 227 216
Face 216 227 228
Face 216 228 217
Face 217 228 229
Face 217 229 218
Face 218 229 230
Face 218 230 219
Face 219 230 221
Face 219 221 210
Face 221 232 233
Face 221 233 222
Face 222 233 234
Face 222 234 223
Face 223 234 235
Face 223 235 224
Face 224 235 236
Face 224 236 225
Face 225 236 237
Face 225 237 226
Face 226 237 238
Face 226 238 227
Face 227 238 239
Face 227 239 228
Face 228 239 240
Face 228 240 229
Face 229 240 241
Face 229 241 230
Face 230 241 232
Face 230 232 221
Face 232 243 244
Face 232 244 233
Face 233 244 245
Face 233 245 234
Face 234 245 246
Face 234 246 235
Face 235 246 247
Face 235 247 236
Face 236 247 248
Face 236 248 237
Face 237 248 249
Face 237 249 238
Face 238 249 250
Face 238 250 239
Face 239 250 251
Face 239 251 240
Face 240 251 252
Face 240 252 241
Face 241 252 243
Face 241 243 232
Face 243 254 255
Face 243 255 244
Face 244 255 256
Face 244 256 245
Face 245 256 257
Face 245 257 246
Face 246 257 258
Face 246 258 247
Face 247 258 259
Face 247 259 248
Face 248 259 260
Face 248 260 249
Face 249 260 261
Face 249 261 250
Face 250 261 262
Face 250 262 251
Face 251 262 263
Face 251 263 252
Face 252 263 254
Face 252 254 243
Face 254 265 266
Face 254 266 255
Face 255 266 267
Face 255 267 256
Face 256 267 268
Face 256 268 257
Face 257 268 269
Face 257 269 258
Face 258 269 270
Face 258 270 259
Face 259 270 271
Face 259 271 260
Face 260 271 272
Face 260 272 261
Face 261 272 273
Face 261 273 262
Face 262 273 274
Face 262 274 263
Face 263 274 265
Face 263 265 254
Face 265 276 277
Face 265 277 266
Face 266 277 278
Face 266 278 267
Face 267 278 279
Face 267 279 268
Face 268 279 280
Face 268 280 269
Face 269 280 281
Face 269 281 270
Face 270 281 282
Face 270 282 271
Face 271 282 283
Face 271 283 272
Face 272 283 284
Face 272 284 273
Face 273 284 285
Face 273 285 274
Face 274 285 276
Face 274 276 265
Face 276 287 288
Face 276 288 277
Face 277 288 289
Face 277 289 278
Face 278 289 290
Face 278 290 279
Face 279 290 291
Face 279 291 280
Face 280 291 292
Face 280 292 281
Face 281 292 293
Face 281 293 282
Face 282 293 294
Face 282 294 283
Face 283 294 295
Face 283 295 284
Face 284 295 296
Face 284 296 285
Face 285 296 287
Face 285 287 276
Face 287 298 299
Face 287 299 288
Face 288 299 300
Face 288 300 289
Face 289 300 301
Face 289 301 290
Face 290 301 302
Face 290 302 291
Face 291 302 303
Face 291 303 292
Face 292 303 304
Face 292 304 293
Face 293 304 305
Face 293 305 294
Face 294 305 306
Face 294 306 295
Face 295 306 307
Face 295 307 296
Face 296 307 298
Face 296 298 287
Face 298 309 310
Face 298 310 299
Face 299 310 311
Face 299 311 300
Face 300 311 312
Face 300 312 301
Face 301 312 313
Face 301 313 302
Face 302 313 314
Face 302 314 303
Face 303 314 315
Face 303 315 304
Face 304 315 316
Face 304 316 305
Face 305 316 317
Face 305 317 306
Face 306 317 318
Face 306 318 307
Face 307 318 309
Face 307 309 298
Face 309 320 321
Face 309 321 310
Face 310 321 322
Face 310 322 311
Face 311 322 323
Face 311 323 312
Face 312 323 324
Face 312 324 313
Face 313 324 325
Face 313 325 314
Face 314 325 326
Face 314 326 315
Face 315 326 327
Face 315 327 316
Face 316 327 328
Face 316 328 317
Face 317 328 329
Face 317 329 318
Face 318 329 320
Face 318 320 309
Face 320 331 332
Face 320 332 321
Face 321 332 333
Face 321 333 322
Face 322 333 334
Face 322 334 323
Face 323 334 335
Face 323 335 324
Face 324 335 336
Face 324 336 325
Face 325 336 337
Face 325 337 326
Face 326 337 338
Face 326 338 327
Face 327 338 339
Face 327 339 328
Face 328 339 340
Face 328 340 329
Face 329 340 331
Face 329 331 320
Face 331 342 343
Face 331 343 332
Face 332 343 344
Face 332 344 333
Face 333 344 345
Face 333 345 334
Face 334 345 346
Face 334 346 335
Face 335 346 347
Face 335 347 336
Face 336 347 348
Face 336 348 337
Face 337 348 349
Face 337 349 338
Face 338 349 350
Face 338 350 339
Face 339 350 351
Face 339 351 340
Face 340 351 342
Face 340 342 331
Face 342 353 354
Face 342 354 343
Face 343 354 355
Face 343 355 344
Face 344 355 356
Face 344 356 345
Face 345 356 357
Face 345 357 346
Face 346 357 358
Face 346 358 347
Face 347 358 359
Face 347 359 348
Face 348 359 360
Face 348 360 349
Face 349 360 361
Face 349 361 350
Face 350 361 362
Face 350 362 351
Face 351 362 353
Face 351 353 342
Face 353 364 365
Face 353 365 354
Face 354 365 366
Face 354 366 355
Face 355 366 367
Face 355 367 356
Face 356 367 368
Face 356 368 357
Face 357 368 369
Face 357 369 358
Face 358 369 370
Face 358 370 359
Face 359 370 371
Face 359 371 360
Face 360 371 372
Face 360 372 361
Face 361 372 373
Face 361 373 362
Face 362 373 364
Face 362 364 353
Face 364 375 376
Face 364 376 365
Face 365 376 377
Face 365 377 366
Face 366 377 378
Face 366 378 367
Face 367 378 379
Face 367 379 368
Face 368 379 380
Face 368 380 369
Face 369 380 381
Face 369 381 370
Face 370 381 382
Face 370 382 371
Face 371 382 383
Face 371 383 372
Face 372 383 384
Face 372 384 373
Face 373 384 375
Face 373 375 364
Face 375 386 387
Face 375 387 376
Face 376 387 388
Face 376 388 377
Face 377 388 389
Face 377 389 378
Face 378 389 390
Face 378 390 379
Face 379 390 391
Face 379 391 380
Face 380 391 392
Face 380 392 381
Face 381 392 393
Face 381 393 382
Face 382 393 394
Face 382 394 383
Face 383 394 395
Face 383 395 384
Face 384 395 386
Face 384 386 375
Face 386 397 398
Face 386 398 387
Face 387 398 399
Face 387 399 388
Face 388 399 400
Face 388 400 389
Face 389 400 401
Face 389 401 390
Face 390 401 402
Face 390 402 391
Face 391 402 403
Face 391 403 392
Face 392 403 404
Face 392 404 393
Face 393 404 405
Face 393 405 394
Face 394 405 406
Face 394 406 395
Face 395 406 397
Face 395 397 386
Face 397 408 409
Face 397 409 398
Face 398 409 410
Face 398 410 399
Face 399 410 411
Face 399 411 400
Face 400 411 412
Face 400 412 401
Face 401 412 413
Face 401 413 402
Face 402 413 414
Face 402 414 403
Face 403 414 415
Face 403 415 404
Face 404 415 416
Face 404 416 405
Face 405 416 417
Face 405 417 406
Face 406 417 408
Face 406 408 397
Face 408 419 420
Face 408 420 409
Face 409 420 421
Face 409 421 410
Face 410 421 422
Face 410 422 411
Face 411 422 423
Face 411 423 412
Face 412 423 424
Face 412 424 413
Face 413 424 425
Face 413 425 414
Face 414 425 426
Face 414 426 415
Face 415 426 427
Face 415 427 416
Face 416 427 428
Face 416 428 417
Face 417 428 419
Face 417 419 408
Face 419 430 431
Face 419 431 420
Face 420 431 432
Face 420 432 421
Face 421 432 433
Face 421 433 422
Face 422 433 434
Face 422 434 423
Face 423 434 435
Face 423 435 424
Face 424 435 436
Face 424 436 425
Face 425 436 437
Face 425 437 426
Face 426 437 438
Face 426 438 427
Face 427 438 439
Face 427 439 428
Face 428 439 430
Face 428 430 419
Face 430 441 442
Face 430 442 431
Face 431 442 443
Face 431 443 432
Face 432 443 444
Face 432 444 433
Face 433 444 445
Face 433 445 434
Face 434 445 446
Face 434 446 435
Face 435 446 447
Face 435 447 436
Face 436 447 448
Face 436 448 437
Face 437 448 449
Face 437 449 438
Face 438 449 450
Face 438 450 439
Face 439 450 441
Face 439 441 430
Face 441 452 453
Face 441 453 442
Face 442 453 454
Face 442 454 443
Face 443 454 455
Face 443 455 444
Face 444 455 456
Face 444 456 445
Face 445 456 457
Face 445 457 446
Face 446 457 458
Face 446 458 447
Face 447 458 459
Face 447 459 448
Face 448 459 460
Face 448 460 449
Face 449 460 461
Face 449 461 450
Face 450 461 452
Face 450 452 441
Face 452 463 464
Face 452 464 453
Face 453 464 465
Face 453 465 454
Face 454 465 466
Face 454 466 455
Face 455 466 467
Face 455 467 456
Face 456 467 468
Face 456 468 457
Face 457 468 469
Face 457 469 458
Face 458 469 470
Face 458 470 459
Face 459 470 471
Face 459 471 460
Face 460 471 472
Face 460 472 461
Face 461 472 463
Face 461 463 452
Face 463 474 475
Face 463 475 464
Face 464 475 476
Face 464 476 465
Face 465 476 477
Face 465 477 466
Face 466 477 478
Face 466 478 467
Face 467 478 479
Face 467 479 468
Face 468 479 480
Face 468 480 469
Face 469 480 481
Face 469 481 470
Face 470 481 482
Face 470 482 471
Face 471 482 483
Face 471 483 472
Face 472 483 474
Face 472 474 463
Face 474 485 486
Face 474 486 475
Face 475 486 487
Face 475 487 476
Face 476 487 488
Face 476 488 477
Face 477 488 489
Face 477 489 478
Face 478 489 490
Face 478 490 479
Face 479 490 491
Face 479 491 480
Face 480 491 492
Face 480 492 481
Face 481 492 493
Face 481 493 482
Face 482 493 494
Face 482 494 483
Face 483 494 485
Face 483 485 474
Face 485 496 497
Face 485 497 486
Face 486 497 498
Face 486 498 487
Face 487 498 499
Face 487 499 488
Face 488 499 500
Face 488 500 489
Face 489 500 501
Face 489 501 490
Face 490 501 502
Face 490 502 491
Face 491 502 503
Face 491 503 492
Face 492 503 504
Face 492 504 493
Face 493 504 505
Face 493 505 494
Face 494 505 496
Face 494 496 485
Face 496 507 508
Face 496 508 497
Face 497 508 509
Face 497 509 498
Face 498 509 510
Face 498 510 499
Face 499 510 511
Face 499 511 500
Face 500 511 512
Face 500 512 501
Face 501 512 513
Face 501 513 502
Face 502 513 514
Face 502 514 503
Face 503 514 515
Face 503 515 504
Face 504 515 516
Face 504 516 505
Face 505 516 507
Face 505 507 496
Face 507 518 519
Face 507 519 508
Face 508 519 520
Face 508 520 509
Face 509 520 521
Face 509 521 510
Face 510 521 522
Face 510 522 511
Face 511 522 523
Face 511 523 512
Face 512 523 524
Face 512 524 513
Face 513 524 525
Face 513 525 514
Face 514 525 526
Face 514 526 515
Face 515 526 527
Face 515 527 516
Face 516 527 518
Face 516 518 507
Face 518 529 530
Face 518 530 519
Face 519 530 531
Face 519 531 520
Face 520 531 532
Face 520 532 521
Face 521 532 533
Face 521 533 522
Face 522 533 534
Face 522 534 523
Face 523 534 535
Face 523 535 524
Face 524 535 536
Face 524 536 525
Face 525 536 537
Face 525 537 526
Face 526 537 538
Face 526 538 527
Face 527 538 529
Face 527 529 518
Face 529 540 541
Face 529 541 530
Face 530 541 542
Face 530 542 531
Face 531 542 543
Face 531 543 532
Face 532 543 544
Face 532 544 533
Face 533 544 545
Face 533 545 534
Face 534 545 546
Face 534 546 535
Face 535 546 547
Face 535 547 536
Face 536 547 548
Face 536 548 537
Face 537 548 549
Face 537 549 538
Face 538 549 540
Face 538 540 529
Face 540 551 552
Face 540 552 541
Face 541 552 553
Face 541 553 542
Face 542 553 554
Face 542 554 543
Face 543 554 555
Face 543 555 544
Face 544 555 556
Face 544 556 545
Face 545 556 557
Face 545 557 546
Face 546 557 558
Face 546 558 547
Face 547 558 559
Face 547 559 548
Face 548 559 560
Face 548 560 549
Face 549 560 551
Face 549 551 540
Face 551 562 563
Face 551 563 552
Face 552 563 564
Face 552 564 553
Face 553 564 565
Face 553 565 554
Face 554 565 566
Face 554 566 555
Face 555 566 567
Face 555 567 556
Face 556 567 568
Face 556 568 557
Face 557 568 569
Face 557 569 558
Face 558 569 570
Face 558 570 559
Face 559 570 571
Face 559 571 560
Face 560 571 562
Face 560 562 551
Face 562 573 574
Face 562 574 563
Face 563 574 575
Face 563 575 564
Face 564 575 576
Face 564 576 565
Face 565 576 577
Face 565 577 566
Face 566 577 578
Face 566 578 567
Face 567 578 579
Face 567 579 568
Face 568 579 580
Face 568 580 569
Face 569 580 581
Face 569 581 570
Face 570 581 582
Face 570 582 571
Face 571 582 573
Face 571 573 562
Face 573 584 585
Face 573 585 574
Face 574 585 586
Face 574 586 575
Face 575 586 587
Face 575 587 576
Face 576 587 588
Face 576 588 577
Face 577 588 589
Face 577 589 578
Face 578 589 590
Face 578 590 579
Face 579 590 591
Face 579 591 580
Face 580 591 592
Face 580 592 581
Face 581 592 593
Face 581 593 582
Face 582 593 584
Face 582 584 573
Face 584 595 596
Face 584 596 585
Face 585 596 597
Face 585 597 586
Face 586 597 598
Face 586 598 587
Face 587 598 599
Face 587 599 588
Face 588 599 600
Face 588 600 589
Face 589 600 601
Face 589 601 590
Face 590 601 602
Face 590 602 591
Face 591 602 603
Face 591 603 592
Face 592 603 604
Face 592 604 593
Face 593 604 595
Face 593 595 584
Face 595 606 607
Face 595 607 596
Face 596 607 608
Face 596 608 597
Face 597 608 609
Face 597 609 598
Face 598 609 610
Face 598 610 599
Face 599 610 611
Face 599 611 600
Face 600 611 612
Face 600 612 601
Face 601 612 613
Face 601 613 602
Face 602 613 614
Face 602 614 603
Face 603 614 615
Face 603 615 604
Face 604 615 606
Face 604 606 595
Face 606 617 618
Face 606 618 607
Face 607 618 619
Face 607 619 608
Face 608 619 620
Face 608 620 609
Face 609 620 621
Face 609 621 610
Face 610 621 622
Face 610 622 611
Face 611 622 623
Face 611 623 612
Face 612 623 624
Face 612 624 613
Face 613 624 625
Face 613 625 614
Face 614 625 626
Face 614 626 615
Face 615 626 617
Face 615 617 606
Face 617 628 629
Face 617 629 618
Face 618 629 630
Face 618 630 619
Face 619 630 631
Face 619 631 620
Face 620 631 632
Face 620 632 621
Face 621 632 633
Face 621 633 622
Face 622 633 634
Face 622 634 623
Face 623 634 635
Face 623 635 624
Face 624 635 636
Face 624 636 625
Face 625 636 637
Face 625 637 626
Face 626 637 628
Face 626 628 617
Face 628 639 640
Face 628 640 629
Face 629 640 641
Face 629 641 630
Face 630 641 642
Face 630 642 631
Face 631 642 643
Face 631 643 632
Face 632 643 644
Face 632 644 633
Face 633 644 645
Face 633 645 634
Face 634 645 646
Face 634 646 635
Face 635 646 647
Face 635 647 636
Face 636 647 648
Face 636 648 637
Face 637 648 639
Face 637 639 628
Face 639 650 651
Face 639 651 640
Face 640 651 652
Face 640 652 641
Face 641 652 653
Face 641 653 642
Face 642 653 654
Face 642 654 643
Face 643 654 655
Face 643 655 644
Face 644 655 656
Face 644 656 645
Face 645 656 657
Face 645 657 646
Face 646 657 658
Face 646 658 647
Face 647 658 659
Face 647 659 648
Face 648 659 650
Face 648 650 639
Face 650 661 662
Face 650 662 651
Face 651 662 663
Face 651 663 652
Face 652 663 664
Face 652 664 653
Face 653 664 665
Face 653 665 654
Face 654 665 666
Face 654 666 655
Face 655 666 667
Face 655 667 656
Face 656 667 668
Face 656 668 657
Face 657 668 669
Face 657 669 658
Face 658 669 670
Face 658 670 659
Face 659 670 661
Face 659 661 650
Face 661 672 673
Face 661 673 662
Face 662 673 674
Face 662 674 663
Face 663 674 675
Face 663 675 664
Face 664 675 676
Face 664 676 665
Face 665 676 677
Face 665 677 666
Face 666 677 678
Face 666 678 667
Face 667 678 679
Face 667 679 668
Face 668 679 680
Face 668 680 669
Face 669 680 681
Face 669 681 670
Face 670 681 672
Face 670 672 661
Face 672 683 684
Face 672 684 673
Face 673 684 685
Face 673 685 674
Face 674 685 686
Face 674 686 675
Face 675 686 687
Face 675 687 676
Face 676 687 688
Face 676 688 677
Face 677 688 689
Face 677 689 678
Face 678 689 690
Face 678 690 679
Face 679 690 691
Face 679 691 680
Face 680 691 692
Face 680 692 681
Face 681 692 683
Face 681 683 672
Face 683 694 695
Face 683 695 684
Face 684 695 696
Face 684 696 685
Face 685 696 697
Face 685 697 686
Face 686 697 698
Face 686 698 687
Face 687 698 699
Face 687 699 688
Face 688 699 700
Face 688 700 689
Face 689 700 701
Face 689 701 690
Face 690 701 702
Face 690 702 691
Face 691 702 703
Face 691 703 692
Face 692 703 694
Face 692 694 683
Face 694 705 706
Face 694 706 695
Face 695 706 707
Face 695 707 696
Face 696 707 708
Face 696 708 697
Face 697 708 709
Face 697 709 698
Face 698 709 710
Face 698 710 699
Face 699 710 711
Face 699 711 700
Face 700 711 712
Face 700 712 701
Face 701 712 713
Face 701 713 702
Face 702 713 714
Face 702 714 703
Face 703 714 705
Face 703 705 694
Face 705 716 717
Face 705 717 706
Face 706 717 718
Face 706 718 707
Face 707 718 719
Face 707 719 708
Face 708 719 720
Face 708 720 709
Face 709 720 721
Face 709 721 710
Face 710 721 722
Face 710 722 711
Face 711 722 723
Face 711 723 712
Face 712 723 724
Face 712 724 713
Face 713 724 725
Face 713 725 714
Face 714 725 716
Face 714 716 705
Face 716 727 728
Face 716 728 717
Face 717 728 729
Face 717 729 718
Face 718 729 730
Face 718 730 719
Face 719 730 731
Face 719 731 720
Face 720 731 732
Face 720 732 721
Face 721 732 733
Face 721 733 722
Face 722 733 734
Face 722 734 723
Face 723 734 735
Face 723 735 724
Face 724 735 736
Face 724 736 725
Face 725 736 727
Face 725 727 716
Face 727 738 739
Face 727 739 728
Face 728 739 740
Face 728 740 729
Face 729 740 741
Face 729 741 730
Face 730 741 742
Face 730 742 731
Face 731 742 743
Face 731 743 732
Face 732 743 744
Face 732 744 733
Face 733 744 745
Face 733 745 734
Face 734 745 746
Face 734 746 735
Face 735 746 747
Face 735 747 736
Face 736 747 738
Face 736 738 727
Face 738 749 750
Face 738 750 739
Face 739 750 751
Face 739 751 740
Face 740 751 752
Face 740 752 741
Face 741 752 753
Face 741 753 742
Face 742 753 754
Face 742 754 743
Face 743 754 755
Face 743 755 744
Face 744 755 756
Face 744 756 745
Face 745 756 757
Face 745 757 746
Face 746 757 758
Face 746 758 747
Face 747 758 749
Face 747 749 738
Face 749 760 761
Face 749 761 750
Face 750 761 762
Face 750 762 751
Face 751 762 763
Face 751 763 752
Face 752 763 764
Face 752 764 753
Face 753 764 765
Face 753 765 754
Face 754 765 766
Face 754 766 755
Face 755 766 767
Face 755 767 756
Face 756 767 768
Face 756 768 757
Face 757 768 769
Face 757 769 758
Face 758 769 760
Face 758 760 749
Face 760 771 772
Face 760 772 761
Face 761 772 773
Face 761 773 762
Face 762 773 774
Face 762 774 763
Face 763 774 775
Face 763 775 764
Face 764 775 776
Face 764 776 765
Face 765 776 777
Face 765 777 766
Face 766 777 778
Face 766 778 767
Face 767 778 779
Face 767 779 768
Face 768 779 780
Face 768 780 769
Face 769 780 771
Face 769 771 760
Face 771 782 783
Face 771 783 772
Face 772 783 784
Face 772 784 773
Face 773 784 785
Face 773 785 774
Face 774 785 786
Face 774 786 775
Face 775 786 787
Face 775 787 776
Face 776 787 788
Face 776 788 777
Face 777 788 789
Face 777 789 778
Face 778 789 790
Face 778 790 779
Face 779 790 791
Face 779 791 780
Face 780 791 782
Face 780 782 771
Face 782 793 794
Face 782 794 783
Face 783 794 795
Face 783 795 784
Face 784 795 796
Face 784 796 785
Face 785 796 797
Face 785 797 786
Face 786 797 798
Face 786 798 787
Face 787 798 799
Face 787 799 788
Face 788 799 800
Face 788 800 789
Face 789 800 801
Face 789 801 790
Face 790 801 802
Face 790 802 791
Face 791 802 793
Face 791 793 782
Face 793 804 805
Face 793 805 794
Face 794 805 806
Face 794 806 795
Face 795 806 807
Face 795 807 796
Face 796 807 808
Face 796 808 797
Face 797 808 809
Face 797 809 798
Face 798 809 810
Face 798 810 799
Face 799 810 811
Face 799 811 800
Face 800 811 812
Face 800 812 801
Face 801 812 813
Face 801 813 802
Face 802 813 804
Face 802 804 793
Face 804 815 816
Face 804 816 805
Face 805 816 817
Face 805 817 806
Face 806 817 818
Face 806 818 807
Face 807 818 819
Face 807 819 808
Face 808 819 820
Face 808 820 809
Face 809 820 821
Face 809 821 810
Face 810 821 822
Face 810 822 811
Face 811 822 823
Face 811 823 812
Face 812 823 824
Face 812 824 813
Face 813 824 815
Face 813 815 804
Face 815 826 827
Face 815 827 816
Face 816 827 828
Face 816 828 817
Face 817 828 829
Face 817 829 818
Face 818 829 830
Face 818 830 819
Face 819 830 831
Face 819 831 820
Face 820 831 832
Face 820 832 821
Face 821 832 833
Face 821 833 822
Face 822 833 834
Face 822 834 823
Face 823 834 835
Face 823 835 824
Face 824 835 826
Face 824 826 815
Face 826 837 838
Face 826 838 827
Face 827 838 839
Face 827 839 828
Face 828 839 840
Face 828 840 829
Face 829 840 841
Face 829 841 830
Face 830 841 842
Face 830 842 831
Face 831 842 843
Face 831 843 832
Face 832 843 844
Face 832 844 833
Face 833 844 845
Face 833 845 834
Face 834 845 846
Face 834 846 835
Face 835 846 837
Face 835 837 826
Face 837 848 849
Face 837 849 838
Face 838 849 850
Face 838 850 839
Face 839 850 851
Face 839 851 840
Face 840 851 852
Face 840 852 841
Face 841 852 853
Face 841 853 842
Face 842 853 854
Face 842 854 843
Face 843 854 855
Face 843 855 844
Face 844 855 856
Face 844 856 845
Face 845 856 857
Face 845 857 846
Face 846 857 848
Face 846 848 837
Face 848 859 860
Face 848 860 849
Face 849 860 861
Face 849 861 850
Face 850 861 862
Face 850 862 851
Face 851 862 863
Face 851 863 852
Face 852 863 864
Face 852 864 853
Face 853 864 865
Face 853 865 854
Face 854 865 866
Face 854 866 855
Face 855 866 867
Face 855 867 856
Face 856 867 868
Face 856 868 857
Face 857 868 859
Face 857 859 848
Face 859 870 871
Face 859 871 860
Face 860 871 872
Face 860 872 861
Face 861 872 873
Face 861 873 862
Face 862 873 874
Face 862 874 863
Face 863 874 875
Face 863 875 864
Face 864 875 876
Face 864 876 865
Face 865 876 877
Face 865 877 866
Face 866 877 878
Face 866 878 867
Face 867 878 879
Face 867 879 868
Face 868 879 870
Face 868 870 859
Face 870 1 2
Face 870 2 871
Face 871 2 3
Face 871 3 872
Face 872 3 4
Face 872 4 873
Face 873 4 5
Face 873 5 874
Face 874 5 6
Face 874 6 875
Face 875 6 7
Face 875 7 876
Face 876 7 8
Face 876 8 877
Face 877 8 9
Face 877 9 878
Face 878 9 10
Face 878 10 879
Face 879 10 1
Face 879 1 870